-10.986677
-10.9862233463708
-10.9901099435325
-11.0011365163583
-11.0028244491149
-10.9834543594905
-10.9955390564079
-10.9983987329212
-10.9948793324453
-10.9902983305572
-10.9922220025829
-11.0010147244942
-10.9830979214261
-10.9898120459741
-10.9965995794551
-10.9903514386493
-10.9963148276368
-10.987593687
-10.9920747414776
-11.0057828432985
-10.9861846008502
-10.9992661761589
-11.009367796314
-10.9805472069954
-10.9970687727855
-10.9964987678111
-10.9788855451929
-10.9898478240041
-10.9881564954429
-10.9981872749327
-10.9972535334132
-10.9
-10.9755824795726
-10.9965432483157
-10.9794243023738
-11.0039285115763
-10.9936023172315
-10.9877506976279
-10.9980425576055
-10.98983089855
-10.9897642900766
-10.9885056940671
-10.9880008953775
-10.9782033798825
-10.9998806830552
-10.9874878012356
-10.9904704387419
-10.97566481583
-11.00315
-10.9915346868962
-10.9918024594333
-10.9765916688731
-11.0008720915572
-10.9935280412603
-11.0121394215068
-10.9875596686612
-11.0043574151636
10.995258756959
-10.9983601584033
-10.9890681490748
-10.994999625926
-10.9850331350142
-10.9974855520452
-10.9911735267983
-11.0019169420522
-10.985809314
-10.98880012148
-10.9847681989664
-10.9897194718828
-10.9916459612632
-10.984728061906
-10.9835841556482
-10.9913754563603
-10.9992004381228
-10.9827059151331
-11.0036835830572
-10.9786646423433
-10.9898037335472
-10.9984708467441
-11.0030844261901
-10.9963460118287
-11.0017786060109
-10.9
-10.9930824759065
-10.9920884324134
-10.9894918723701
-10.9916709673436
-10.9858108855445
-10.976626606391
-10.9880159920743
-10.990017781775
-10.983381125816
-10.988023770862
-10.9964386040994
-10.9935175062479
-10.9893486995235
-10.9795557769688
-10.9962829506434
-10.992393951935
-11.0012138
-10.9874067187765
-10.9800508608272
-10.9978261328852
-10.9981716497016
-10.9913248631176
-10.9994475246781
-10.9897542957319
-10.9783726218975
-10.997338296664
-11.0069612891317
-10.9992648609989
-11.002949387802
-10.98279046412
-10.9976306487414
-10.9811076129891
-10.9867978198915
-10.9885560987109
-10.9949609295889
-10.992888797473
-11.0068723183078
-10.95915013
-10.9981553029548
-10.9905959248217
-11.0045568637475
-10.9935667460473
-10.9957473871393
-10.9976592296969
-10.9809702258567
-10.9985046730568
-10.9968402108008
-10.9933367534777
-10.9901598172511
-10.9950068827328
-10.9856926521658
-10.98599370324
-10.991171077927
-10.99789812494
-10.98721936231
-10.9882418241562
-10.9966612481281
-10.9955190048872
-11.0036307776824
-10.9952345422453
-10.9982714870244
-10.9966584686976
-10.9857184313618
-11.000
-10.978045436808
-11.0011438647111
-10.9957946683634
-11.0024697838999
-10.9943453086608
-10.9808494003726
-10.9995892070247
-10.9936770921413
-10.9995673709221
-11.0125881630797
-10.9723774490716
-10.9949844433751
-10.9970214804805
-11.003642359694
-10.9847044697897
-11.0000607296212
-11.0077915
-11.0025252121692
-10.9885237318373
-10.9979558758795
-11.0007012825361
-11.0017789417957
-10.9896346857837
-11.0044686430622
-10.9988243925642
-11.0005479838634
-10.9959016406162
-11.0055951382614
-10.9966895269078
-10.9984915782004
-10.986606204156
-11.0015998834332
-10.9984831367687
-10.989373654893
-10.9807881066407
-10.9970172769968
-10.9855414205553
-10.9941640257231
-11.0033259189744
-11.0052990269573
-11.0258317805292
-10.9990277
-10.9891747122602
-10.9994605278906
-10.9874601795819
-10.9983990944718
-10.9896552382839
-10.9898833961483
-10.9957135055377
-10.9877589854093
-10.9861320460464
-10.9961539835272
-10.9876565411956
-10.9956
-10.9926213481418
-10.986218471319
-10.9849740673915
-10.9981346458082
-10.9895523267207
-10.9989619511276
-10.9872372402975
-10.9751496520131
10.9894412257305
-10.9860335905003
-10.9939642696378
-10.9986186985307
-11.002843762938
-10.996893704873
-11.0045131535842
-10.9995902820913
-11.004310219
-10.9965199457362
-11.0020952922291
-10.9935370117116
-10.9869179407282
-10.9961765040173
-10.9896379007538
-11.0000303071342
-10.9886165632701
-10.9750511762485
-10.9850892446879
-11.0045469224704
-10.9916851601758
-10.9844056122978
-11.0015739248381
-11.0019957304352
-10.9902842833295
-10.9
-10.9975453206167
-11.000769209271
-10.9931639570199
-11.0037183888135
-11.0000684236668
-10.9886995233056
-10.9909676209372
-10.990616314136
-11.003466067327
-10.9879402354179
-10.9944043623257
-10.991675947563
-11.0048462934697
-10.9909381213667
-10.9974990770147
-10.9830411649604
-10.998365
-11.0014089061999
-11.0134877121448
-10.9935127114605
-11.0051700169414
-10.9860904168086
-10.9941007364282
-10.9966606477975
-10.9967441214796
1.0027603671491
-10.9977538385763
-10.9812154378827
-10.9787126337777
-10.9971470867958
-11.0033084038002
-10.9952563282544
-10.9948377437888
-10.98978295
-10.9953622125295
-10.9950779079884
-10.9897866441548
-11.0064514127655
-11.007844091625
-10.9890800271514
-10.9899906824964
-10.9944994871796
-10.9834316579751
-10.9908355007717
-10.9975383135164
-10.9963229695401
-11.0201519526709
-11.0
-11.0031337611255
-10.9947004215658
-11.0149364120022
-10.9810304191088
-11.0037314607399
-11.0086937891697
-10.9824809626157
-10.98906068137
-10.9956644462251
-11.0013405323569
-10.9916856985492
-10.9770995456026
-10.9956711509499
-10.9912625294356
-10.9966064890492
-10.988954934368
-10.9865
-11.0007493129802
-11.0041751646475
-11.0152676848386
-10.9879762122705
-10.9976005242027
-11.0010721018199
-10.9861941915651
-11.0013476361878
10.9901100763996
-10.9862575288481
-11.0116729625829
-10.9942437690473
-10.9845149009586
-11.0015994407142
-10.9905239351422
-11.0008055216975
-11.0005252
-11.0045260913863
-10.998015363583
-10.9943382194514
-11.0066123765368
-10.9995337402351
-11.0016276238583
-10.9908216688333
-10.990257779205
-10.9862571728981
-10.9843327439669
-10.9960150219312
-10.989269355668
-10.99
-10.9772516706412
-10.9925420705007
-10.991821179083
-10.9840293544099
-10.997939930658
-10.9779137646474
-10.9921616072172
-11.0025040071125
-11.011715656278
-10.9978239693978
-10.9970114143637
-10.9955657780379
-10.9985382303003
-10.9966404851316
-10.9874300351428
-10.9999804308909
-10.9909491
-11.0040646588299
-10.9976252332331
-10.9936410816666
-10.998972149622
-11.0060380187648
-10.9949877275328
-11.0098292224482
-11.0021139381241
-10.9990362992909
-10.9889926613466
-10.9922273720243
-10.9812256011794
-10.9879652230214
-10.9979060486461
-10.9941215877808
-10.999336156611
-10.9937719401366
-10.9939136203364
-10.9953134208802
-10.9862713916221
-10.9924937067198
-10.9871046258525
-11.0033233123741
-10.9857324492926
-11.0026849863205
-10.9932236743931
-10.9824081196389
-10.9946072601269
-10.9912227330514
-10.9
-11.0036405430347
-10.9946654490459
-11.005004175495
-11.0137307247432
-11.0045280745401
-11.0070125513322
-10.9975641202094
-10.999825491876
-10.9972205002428
-11.0043086794401
-11.0006532344868
-10.9950129959154
-10.9993297828759
-10.9927607579226
-10.9847179734412
-10.9994886484461
-11.0013
-10.9903762364492
-11.0019572665334
-11.0043066988812
-10.9866921901176
-11.0151799094933
-11.0118161346246
-11.0096901979393
-10.9879905074686
-10.9954441569417
-10.995002722172
-10.9959104536015
-10.9921733754398
-11.0003145788286
-11.0096190086617
-10.9907678851064
-11.0015942812307
-11.0051524
-10.9921632231768
-10.9985195200593
-10.9958504642605
-10.9904825161564
-10.9909438294966
-10.9995873537111
-10.9918173527123
-10.9905628796633
-10.9983611640089
-10.9931852305214
-11.0064330600218
-10.9860742678206
-10.9
-11.0115826606193
-10.9847048035784
-11.0006072446698
-10.9827094362191
-10.9946111078781
-10.9932070468745
-10.9988632798794
-10.99028912840
-10.9927102285338
-11.0053886439226
-11.004204361095
-10.9963627499627
-10.9888230082786
-10.9890849290276
-10.993219731795
-11.007419277798
-10.993683
-10.9959948494855
-10.9875101097243
-10.9939989281672
-10.9949977760521
-10.9918733811712
-11.0158162205946
-11.0085696016805
-10.9969087338504
1.0050213381916
-10.9932247533147
-11.0062886080756
-10.9845389602793
-11.0016266922009
-11.0015576419681
-11.0001980171214
-10.9846296476799
-10.98141630
-10.9933263408008
-10.9975188294169
-10.9914999259781
-10.99492985682870981771083
-11.0065805528327
-11.0083601802218
-11.0059432047692
-11.0021885632963
-11.0037216912932
-10.9967617120263
-10.9851023615864
-10.9836180379559
-10.9983850988055
-11.0054802688767
-11.0050405413062
-10.9881271523053
-11.0
-10.9816261583476
-11.0079841474546
-10.98987036087
-10.9929802146149
-10.9882447469603
-10.999868174449
-11.001236645628
-10.9969354087334
11.0037923128445
-11.0046459355702
-11.0027001762603
-10.9975911549498
-11.0003438644248
-10.9947164855697
-10.9989894894587
-10.9837147347798
-11.0084536
-11.0061869531051
-10.9870181197836
-10.9898778041069
-11.0014084381303
-10.9939502237125
-11.011546812778
-10.9989424035409
-10.9919947631424
-10.9989444944136
-10.9991459201188
-10.99906392705
-11.0085722925379
-10.9948076172124
-10.9958871297101
-10.9898654316504
-10.990992567682
-11.0003775579363
-10.994657791333
-10.9983343481514
-10.995122251697
-10.991493
-10.9996862295149
-10.9860257193641
-10.9913993609163
-10.9892950712416
-10.9914467871054
-11.0031705556648
-11.0113378903319
-10.9892900706419
-10.9968132055279
-10.9875271076553
-10.995709452245
-10.993071365079
-10.9911301523651
-11.0006972309196
-10.9951287776652
-11.0130752849285
-10.99310028
-11.0078129110018
-11.0141661329913
-11.0045086207175
-10.9954397968746
-11.0004846807154
-11.0080954839186
-10.9938048861653
-11.0059727403878
-11.0044209608483
-11.0087393605097
-11.0176172713516
-10.9973541749805
-10.9845743294538
-11.012590304461
-10.9928431059735
-10.99985841954
-11.0000196547865
-11.0090519085922
-10.9985408828226
-10.9980349753289
-10.9989848904193
-10.9717678048876
-11.0113737869891
-10.9992823570074
-10.987
-11.0113954872131
-11.0031592216546
-11.0034221860776
-11.003765847393
-10.9907659755299
-11.0017439793537
-11.0120470717158
-10.9969099120425
-10.9981366226839
-11.0088966922971
-11.0053044995764
-10.9909213174667
-11.0098010197535
-11.0032255098349
-11.0103757672201
-11.0003019975317
-11.0031612276565
-10.9939567349329
-11.0070027655981
-11.0277239900916
-10.9
-11.0060891111143
-11.0028237904345
-10.9977189936007
-11.0038796798641
-11.0144352758973
-10.9808607395237
-11.0044753472705
-11.00085720663
-10.998717122651
-11.0004107838336
-10.9971101421245
-10.9987130187383
-11.0183290357962
-10.9868402148539
-11.0009667971561
-11.0018789636828
-10.99450
-11.0044520149788
-11.0083977933201
-11.0124097356157
-11.0027527677455
-11.000959750505
-11.0027599512409
-10.9936899530041
-11.0032045957594
0.9847957805161
-10.9908471803716
-11.0012189280736
-10.9908105852044
-10.9910550213581
-11.0122353124238
-10.9995813644377
-11.0016481582982
-10.98115590
-10.9901120788193
-10.9966045638739
-10.9845216478444
-10.9922715116341
-10.9984077737061
-10.9920429637133
-10.9887756616425
-11.0084713527864
-10.9985557293836
-10.9960386995038
-10.9889538273266
-11.0043992613695
-10.9945204704506
-11.0052154873638
-11.0023866023859
-11.0092896909534
-10.992950
-11.0071864000609
-10.980952124075
-11.0086820538352
-10.9938967752431
-10.9870235487978
-11.001126661226
-10.9952305239716
-11.0102503802193
-11.0
-11.0094330275907
-10.9890367579199
-10.9957979024888
-10.984997
-11.0023585788389
-10.989011773552
-10.9995247343616
-10.9972982822395
-11.0043967373893
-10.9893964401677
-11.001699442294
-10.9877531543845
-10.9948911991025
-11.0029455754979
-11.0006174004185
-10.9970015062462
-11.0027871481749
-11.0179900405889
-11.0084418994507
-11.0015168193
-10.9995619894435
-11.0040280788725
-10.9873983626884
-10.9872412928759
-10.9977616018504
-11.0126870594619
-11.0052884157764
-11.0115456541005
-11.0021152099991
-10.990567191081
-11.0072064160627
-10.9961895378717
-11.0042675562871
-11.003176847268
-11.0066995061703
-10.9930678284379
-11.00
-10.9956972532622
-10.986267479464
-10.9973079691127
-11.0061179823927
-11.008758748917
-11.0007217068968
-10.9993350347736
-11.0109991917332
-10.9977105849925
-11.0087239916164
-11.003767625844
-11.0017711126095
-10.9988418250814
-10.9943862226738
-10.9973086014588
-11.0103355590974
-10.9874123
-10.9972635416612
-11.0041180018232
-11.0167310070849
-10.9900637059929
-11.0029926173138
-11.0051150307827
-11.0083053132468
-10.9901611134514
-11.0131840394767
-10.9923684757227
-10.9985353815126
-11.0022343753076
-11.0024038654705
-10.9970074169925
-11.008637203204
-10.9930492052
-10.991942983528
-11.0068361265618
-10.9879804657243
-11.0023073277721
-10.9975082256201
-10.9939878337386
-10.99475669555
-10.9933877320845
-10.9990430553497
-10.9963919516729
-10.9867994549607
-11.0016981420898
-11.0008291107325
-11.0142558792155
-10.9952645963764
-10.9941206747351
-10.980894579506
-11.0064865287446
-10.9967395807011
-11.0063540293411
-11.0043300
-11.0074754220073
-11.0044082770919
-10.9957985629973
-11.005228367804
-11.0021452166413
-10.9971653569428
-10.9950721450565
-11.0072530272984
-10.9927913928928
-10.9938749377409
-11.0027061975852
-10.994858544009
-10.9951871135226
-10.9920589098858
-11.009298324345
-11.012306698682
-10.9838180812864
-10.9992922490296
-10.9948040744282
-11.011896340785
-11.0007764533349
-11.0050854330121
-10.9952636748004
-10.9882129270735
-11.00151
-10.9971987312359
-10.9977185496606
-10.9991029479132
-11.002391871210
-11.0093840372866
-10.9977080784797
-10.9983767130396
-11.0052453161111
-11.0159695060467
-11.0091398520615
-11.0096105869251
-11.0004238165232
-11.0119905301885
-10.9892815583697
-10.9787415970437
-11.006116596402
-10.9948352169202
-10.985969181879
-10.9937524617898
-11.0032049132058
-11.006259319089
-11.004464215
-11.0082994357524
-11.0050108265488
-11.0051237188954
-11.0015283795413
-11.0139087902702
-10.9986582225421
-10.9918286709581
-10.9958736796866
-11.0
-10.9940968805458
-11.004809089608
-11.0012302288456
-11.0090504767544
-11.0032860054719
-10.9996148527249
-10.9921187563012
-11.012508264161
-11.007315285481
-11.0118065698737
-10.9963563058726
-11.003931737466
-11.0038422918378
-10.997015103839
-10.9935849754529
-11.0081094227908
-10.9956907
-10.9849517394853
-11.010853720331
-11.0105353989967
-10.9961842928699
-11.013826148899
-11.0061342200738
-11.0182686343655
-10.9958811210062
-10.966100731
-10.9999143486708
-10.9879033822709
-11.0057346891218
-11.0033820370736
-11.0042726039218
-10.9911615637923
-11.0074880997294
-10.9977960520085
-11.0014346888126
-10.9996136802123
-10.9940491919819
-10.9913623357758
-11.008047253833
-11.0019798405625
-10.994325554989
-10.9922667195309
-11.01505559
-10.9851950864244
-11.0036135716846
-11.0036087428673
-11.0095841747739
-11.006168471111
-11.0050507190404
-10.9911521058909
-11.0009345815221
-10.9872506404902
-10.9915970540459
-10.9881935021004
-11.0028651386356
-11.000274
-11.0055963591379
-10.9836729652788
-11.0075889107032
-10.996251601645
-11.004412327459
-11.0129776834013
-10.9933704380791
-11.0109448075858
-11.0053089047589
-11.0021427107829
-10.9874866078152
-11.0070453257311
-10.9869902100373
-10.9929419388668
-11.00410310991
-11.004818935321
-11.001821445347
-10.9952720282105
-11.0110042347023
-10.9998522497329
-11.061776288
-11.0112127909386
-10.9989246198228
-10.9994703187567
-11.0026242167489
-10.9998291751715
-10.9953218748926
-11.0020882595406
-11.0121316273131
-11.0078895264728
-11.0120349776425
-10.9987014964805
-10.9996073481269
-11.0
-10.9915695963425
-10.9958954384933
-10.9904855154044
-10.9954112855868
-11.0080607943286
-10.9914954542107
-10.9960679697962
-11.006377436515
-11.0057498894767
-11.0141120074566
-10.9895519243198
-11.0054546057912
-11.0088129651091
-11.0068695969287
-10.9992438126458
-11.0007049196533
-11.0045
-11.0062423939508
-10.9970664719673
-11.0189432044086
-11.0135706519227
-10.9917260317315
-10.9929791164661
-10.9838595283757
-10.9817985187787
-10.9945172723886
-11.0129974312021
-11.0071391905602
-11.0131415739778
-11.0107875071021
-10.9972321299031
-11.0004610018235
-11.0006703622702
-10.994025
-11.0010883073105
-11.0035160730062
-11.005878899622
-10.9904411255105
-11.0028275746625
-11.0099172436757
-10.997609756998
-10.9946834420453
-11.0056019286921
-11.007216923024
-10.9991806219241
-11.0154295565352
-11.00767473968
-10.9965
-11.0101713716948
-11.0001020006666
-10.9966470482628
-11.0061655810145
-10.9936491209216
-10.9945815142052
-10.9898534918617
-11.0054291279454
-11.0026005962298
-11.002150430945
-10.9955612195849
-10.9852938964622
-10.9957532801328
-10.9956344521813
-10.9999413950268
-11.0155851804546
-11.0039682
-11.0021354040951
-11.0045068309107
-11.0137170584168
-10.9871870456387
-11.0209370457251
-11.0057274165087
-11.0024404845191
-11.0017280691833
-11.0027727025397
-11.0117008500452
-11.0138906201804
-10.9982656596818
-11.0005309426441
-11.0052440807548
-10.9936092531551
-11.00548246011
-10.9947895010916
-11.0006739661861
-11.0084765209285
-11.009458051091
-11.000429532391
-11.0101138054473
-10.9972337407297
-11.0052931621728
-10.9990916895275
-11.0023192177426
-10.9992478600475
-11.0107660426
-11.0161866142655
-11.0032
-10.9951580417985
-11.008861327189
-11.0026443909916
-10.9977218538338
-10.9765858661171
-10.9916158593011
-11.0125999831854
-10.9984356593768
10.996833819101
-11.0053318617254
-10.9882799758799
-10.993476484263
-10.9934485061762
-10.9922553482088
-10.9977366402297
-11.0166355549859
-11.003641147
-11.0090413112135
-11.0044727749476
-11.0106420583252
-10.9991843313328
-10.9965877629966
-11.0067651873221
-11.003770941461
-10.9970044866113
-11.003
-10.9995401898289
-11.0009255649797
-11.0000076042255
-11.00435064841
-11.0126566447291
-11.0032154478426
-11.0147594056
-11.0101860130334
-11.0041006753287
-11.0048682523617
-11.0059479650425
-11.01395411
-11.0013181335849
-11.0019288127928
-11.0038540606108
-11.0074406327346
-11.0087151973685
-10.9979327535152
-11.0032351284815
-10.993888570164
-10.9997962325737
-11.0102614722585
-11.0091902836617
-11.0068276292728
-11.0019113757171
-11.0078960436149
-11.0020559497911
-11.00845513884
-11.00335373
-10.9991166704397
-11.0052674063333
-10.9966245640822
-11.0054405607631
-10.9898671699358
-11.0075185550041
-11.0050683045736
-10.9961676158001
-10.9953657340838
-11.0114415596304
-11.0084263644971
-11.0060216667885
-11.0000076851499
-11.0032750205568
-10.9914758357507
-10.9913600669
-10.9964404884632
-11.0083459616572
-11.0035237719516
-10.9953145656245
-11.0089552266821
-11.0237064502895
-10.9998480723764
-11.0140122761278
-10.98
-10.9893235458351
-10.9991733324132
-10.9931054662559
-11.01231176
-11.0037097804226
-11.0197195050112
-11.0085411708377
-10.9978980166572
-10.9924823192938
-11.0297392429414
-11.000821647185
-11.0139727092739
-11.0143255770305
-11.0117778840767
-11.0130314384749
-11.0089546877289
-11.0139904594153
-10.9902142660848
-10.9985742343044
-11.0065223843232
-10.9981896465915
-11.004273
-10.9964356592308
-10.99423565291
-11.0104428557314
-11.0070353815914
-11.0095835304765
-10.9983101738489
-11.0006599021549
-10.9997987449676
-10.9987656425351
-11.0042851455342
-11.0006447414867
-11.014256544477
-10.981963972011
-11.0037355332187
-10.9963964801864
-11.004388168304
-10.9988136372362
-11.0115001119207
-11.0059317059736
-11.0121149336186
-11.0144082917101
-11.0266488800655
-11.0087873710171
-11.0115630361629
-10.9953
-10.9928223970815
-11.0009939617703
-11.0066545717914
-10.993392763
-11.0073627064222
-11.014265099759
-10.986672691592
-11.0107243786156
-11.0014336267724
-11.0055977567141
-11.0035242867205
-11.010256926945
-11.009369918714
-11.0178539657482
-11.0033251462562
-11.0178347643546
-10.99
-11.0123404818622
-11.0041393588216
-10.9970646449985
-11.0102569561936
-11.0119746334896
-11.0104601887922
-10.9961068696688
-11.019379783882
-10.9962315157675
-10.9978664074958
-11.0125843345511
-11.0026683230741
-10.9989652834319
-11.0151487315793
-11.0240981052448
-11.0033693362584
-10.9992987879784
-11.0017574619607
-11.0025404306635
-10.9982278905
-10.9997409392706
-10.9993774882539
-10.9940112998271
-10.9987066508619
-10.9942145365158
-11.0042581644166
-11.0087611199048
-11.0100453320572
-11.00
-10.9958818082817
-11.0135285053161
-10.9957641831847
-11.00034183
-11.007068975807
-11.0167753404401
-10.9971248663695
-11.0067066399804
-10.9926864030005
-11.0273791841701
-11.0026359299527
-11.0116298111724
-10.9949808532084
-11.004683903212
-11.0049536482888
-11.0072912418196
-11.0081377219366
-10.98
-10.9977049182923
-11.0075821424914
-10.9960442059126
-11.0021372820812
-11.0054697993684
-10.9908845694782
-11.0012136945869
-11.012493360676
-11.0194507494229
-11.0056221418883
-10.9949154096681
-11.0132239538227
-11.0031685112122
-11.0043529898732
-11.005591261084
-10.9889255622941
-10.99661
-11.0016683044204
-10.9984708206364
-10.9987590298303
-11.005851718331
-11.0011496360409
-11.0045449190425
-11.0015172920284
-11.0066848291835
1.0046621340883
-11.0051244857532
-10.9994336768388
-11.0162892218199
-11.0005375827876
-11.0058797942696
-10.9976656239848
-11.0066472432069
-11.00866158
-11.0069141520346
-11.0173199076294
-11.0045757125948
-10.9972086114928
-11.0055317522668
-11.0126506261501
-10.998879635136
-10.9935871992502
-11.0069304454957
-11.0090126934124
-10.9946119060794
-10.9985011756829
-10.9852927061484
-10.9
-11.0091926573242
-11.00612816517
-10.9933714483816
-11.0228618572955
-10.9924513100196
-11.0094916078363
-11.0004258723291
-10.9849079120103
-10.9957289750727
-10.9990357808763
-10.998880115946
-10.9861097680526
-10.9963065899126
-11.0000891448161
-11.0071684826282
-10.9863137763754
-11.006188
-11.0089081728404
-11.003824871736
-11.0097072037617
-10.9893632515047
-11.0012883385873
-10.9915111816666
-11.0026384749806
-11.0013039548753
-11.0041041640951
-11.0039664175832
-10.9950888703864
-10.9964185519601
-11.0092569168529
-10.9924501845636
-11.0074528082132
-11.002081876
-11.0061819944327
-11.016552996596
-10.9908402464265
-10.9880107821452
-10.9996035150155
-10.9973679342702
-10.9990750445595
-10.9914930610834
-10.9937829565758
-10.9933058618218
-11.0044843995191
-11.0070674751353
-10.9918734971962
-10.9
-11.0101642280658
-10.9999811274606
-10.9872201956101
-10.9955306293533
-11.0027697464646
-10.9901123076281
-11.0155127643845
-10.99905163191
-11.0001201569508
-11.0014953646465
-10.9956420914355
-11.0005079821862
-10.9884485630095
-10.9927713711987
-10.9890307417005
-10.9872754541702
-10.986
-11.0055626446778
-10.9978971474912
-11.0092912066841
-11.0160190836148
-10.9859347234551
-11.0158769282088
-10.9896070692205
-10.984773800053
10.9876986829818
-10.9805231617617
-10.9758506604552
-10.9878935258285
-10.9852231085175
-10.9866229867168
-10.9863685350521
-11.0035330268122
-10.9958614
-10.9928779987311
-10.9902565935511
-11.0054798934858
-10.9766833573579
-10.9853618906531
-10.9877802593503
-10.990948024052
-10.992268720201
-10.9949765098713
-10.9831731585184
-10.9816561375104
-11.0003082588839
-10.9
-11.0012445091274
-10.989838630076
-10.9945824420809
-10.9879976007846
-11.0123124355561
-10.9996799800167
-11.0110119034239
-11.008098806293
-11.0021231506824
-11.0060765592906
-11.0044188779916
-11.0073040552226
-10.9946187728519
-10.9912958186184
-10.987738464151
-10.9728747598171
-10.98548
-10.9997554321428
-10.9937898126878
-11.0022530243379
-11.0102592616907
-11.0145903276088
-11.0089467715302
-11.0159099608548
-11.0129272801019
10.9998301004923
-10.995243114138
-10.9975640909606
-11.0009453810268
-10.9973244721815
-10.9966014718364
-10.9841000698464
-11.0097090294963
-11.00797268
-11.0158389806523
-11.0165208598075
-11.0069412758705
-11.0111130616082
-11.0007507026347
-11.0215186112006
-11.0036274771881
-11.0258210987514
-11.0139507613358
-11.0056691285917
-10.9885826239521
-11.003515549273
-10.9951280093487
-11.00
-11.0102529272954
-10.9931729992152
-10.9902271470565
-11.0038362293986
-11.002173312468
-11.0153916474461
-11.0134884128961
-11.0039337614537
-11.006505448637
-11.024544220913
-11.009956470069
-10.9908466243767
-11.0190922097696
-10.9974302538268
-11.0116876603571
-11.0003335849626
-10.99383672
-10.9885195898568
-11.010147860822
-11.0069114550625
-11.0001656400274
-11.0165040293538
-11.0074904060399
-11.0080800951888
-11.0029395430026
-11.0
-11.0022546241627
-11.0047296460945
-11.0046836722789
-11.0150790604805
-11.0203080115186
-11.0061087900506
-11.0097718820266
-11.00815725258
-11.0006902156708
-11.0029801549601
-11.0070898802189
-11.0014816805756
-11.024222435168
-11.0108612453819
-11.0005142039583
-11.0055021278707
-11.0068385493134
-11.0144004938005
-11.0159824764104
-11.004647758898
-10.9976950965366
-11.0141324909051
-11.0047595695467
-10.9910044260857
-11.0
-10.9899746640009
-10.997643748294
-11.0237563393768
-10.985560684974
-11.0106000916661
-11.002817496538
-11.0218071042821
-11.0127025948506
-11.0118769906897
-11.0027250827393
-11.0063473147176
-11.0167543063336
-11.0
-10.9969659658414
-11.0076456797366
-11.0109996674721
-11.0149262469979
-11.0228516983525
-10.9861294726549
-11.012040868791
-11.005533196132
-11.011875786729
-11.0216782749058
-11.0170244319134
-11.006725780512
-11.0125402503316
-11.0064247581148
-10.9974968141143
-11.0075246902218
-11.007612
-11.0024961132437
-11.0046009272513
-11.000842974392
-11.0021356742940043429160642
-11.0046207354856
-11.0006148976538
-11.0075285949991
-11.0045828126975
-11.009569646512
-11.0126577358804
-11.0018849250764
-11.0084775011774
-10.9900907917244
-11.0004941878074
-11.0126723911013
-11.0094962784394
-11.0
-11.0166766072458
-11.0134424731715
-11.011281038615
-11.023750454378
-10.9597481897546
-11.3373105659325
-11.3545895694542
-11.3278316053885
-11.2712810164816
-11.4416694701095
-11.4388761719339
-11.4312745090696
-11.4341958325778
-12.3236874828291
-12.3049332668578
-12.3033759778662
-12.31279
-12.3248942828961
-12.311437036264
-12.3236241616162
-12.31234042490
-12.3049586792183
-12.311813261288
-12.308215379534
-12.3258331140287
-12.3169058349309
-12.3143038538594
-12.3288898769503
-12.3101866654869
-12.894330
-12.8925658593006
-12.8777733600174
-13.4864875746998
-13.49558105286
-12.1228406758837
-12.1659065600291
-12.1801545410413
-12.1312974904867
-11.9887354546079
-12.0080599885227
-11.976118993583
-12.0104091660085
-12.0101449118108
-12.0253320326722
-11.8134299437422
-12.0616706820512
-12.0
-12.0982903525802
-12.0941694311487
-12.0864865361025
-12.1002947021757
-11.7851070681838
-11.7579962112135
-11.7687404999749
-11.74651418165
-11.7243500401647
-11.7209270087567
-11.7229038056718
-11.7084035548864
-11.7044033052841
-11.7237403781895
-11.7206518052048
-11.7213122051016
-11.738
-11.7069971169851
-10.2908012093432
-10.2398501410722
-10.2713666051357
-10.2605036571473
-10.2609624176011
-10.2610024945704
-10.2328354406004
-10.2419093758473
-10.2617849815264
-10.2490526707395
-10.2723541468524
-10.2
-10.2627434364394
-10.2940359598259
-10.281312068305
-10.27074258
-10.282785696833
-10.2732972077181
-10.247592245191
-10.2463602133744
-10.245775077239
-10.2479381338045
-10.2744331926406
-10.2551812655644
-10.2551033979631
-10.2583740630274
-10.246290261799
-10.2468734179343
-10.26
-10.2607598889943
-10.2638294159108
-10.281206481645
-10.2744047974832
-10.2445845722365
-10.2679166236014
-10.2870513556153
-10.2602967452296
-10.2424783562038
-10.2180654762427
-10.2661137298446
-10.2422141478401
-10.2335498565524
-10.2515379715087
-10.2441531609862
-10.2687817930174
-10.27080
-10.2628551921022
-10.2411635266846
-10.2629967550422
-10.2607780200233
-10.2849847535194
-10.3996692861048
-10.37005247766
-10.3682185731968
-10.3294931841715
-10.2975023023328
-10.2206037528564
-10.1957275278388
-10.1909012196117
-10.1831284219777
-10.2535377072836
-10.232384137
-8.98033295111212
-8.85071761711857
-8.72726894851387
-8.55425745310888
-8.47815820430145
-8.24366186173967
-7.95790626659646
-7.58992639323184
-7.26701764822531
-6.91057981561023
-6.39231636417701
-5.90111155170831
-5.38
-4.80856395909898
-4.05886275266317
-3.28239934128613
-2.33536683764584
-1.52759615332323
-0.52687668749914
0.545039963118037
1.8013745447278
3.2115812585754
4.69756243113499
6.37970613127835
8.13886967419631
10.0409521763271
12.2790450039782
14.5315050447411
17.064513984215
19.647777676828
25.4353778644452
28.5830124237724
31.8366595888873
35.2916401170675
38.8504773364092
42.7660278907311
46.8098442236035
50.9801517700466
59.9812923950548
64.7696567793441
69.8737619827713
75.1182067713785
80.5719921791963
86.2615504469864
92.281258519352
98.3545639463365
104.6
111.249263034632
117.953447327116
124.947255762597
132.412611979354
139.881425643309
147.649309403569
154.86488788784
162.816787687475
171.001
180.321166974048
188.641146732388
196.781933198758
205.72133019782770
376.900845876904
388.058927982928
403.690597906229
414.889727145856
426.124566098812
437.274929783014
448.483972523218
459.689180248448
470.844723958939
482.112751540259
493.287100935083
504.516937785918
515.661955996148
526.767009952045
537.818194202913
548.844844135095
559.861949881584
570.743161231053
81.552476861619
592.289429028207
602.917935967309
613.811648282449
624.244955204112
634.526753065626
644.657563369906
654.324950994965
664.528242548139
3.594241853241
683.268416804188
692.568273677044
701.561872212175
710.368384088994
718.6997311312
727.334432852623
735.482046105167
746.284972255837
751.4
758.548100516451
766.692321146275
778.033396875046
785.369530071904
792.419030141262
797.524898474163
804.159116775327
810.379891664608
816.01
822.372245866808
828.227441456999
834.00516882151
838.858985000565
844.949197676014
850.389534468683
855.711836282502
860.918589714947
865.9698
870.679486750267
875.740076924289
880.450257929697
884.768238190119
888.25732616615
892.594944195525
896.801563787223
902.927479161065
907.035219
910.938205259861
914.955903821073
918.883208306615
922.643438368529
970.423937934372
973.436820458337
976.619099724817
980.077664895068
983.313016532185
987.084573402965
990.926865704204
994.937363271622
999.3645422772
1003.66044997424
1008.06549889112
1012.63456762921
1017.31283619098
1022.11796118705
1027.03742699844
1032.10622791179
1037.30556810568
1042.62832305177
048.03344060931
1053.56753785082
1059.20301059151
1064.90721968616
1070.68305155043
1076.54104204721
1082.46791662765
1088.45373450878
1094.48350528634
00.60441674532
1106.78853382945
1113.04049088731
1119.35419731713
1125.72610274425
1132.14850048711
1138.61881437496
1145.10855542905
1151.63249305564
8.19592437713
1164.79218345107
1171.45303834059
1178.09205451126
1184.82041687911
1191.54491414045
1198.2757679119
1204.99277441301
1211.69489192078
1224.98913053029
1231.55269637443
1238.05699877723
1244.511304596
1250.87317485367
1257.17956629472
1263.36305299707
1269.48024825218
1275.50218227297
1281.5128294914
1287.44310829718
1293.29332364193
1299.13986672849
1304.90955604184
1310.5633351132
1316.13879347566
1321.62130878606
1327.0223276751
1406.02007916206
1410.35026778458
1414.55639865874
1418.62553156245
1422.51703246309
1426.25025826337
1429.81864793391
1433.19381296497
1436.37863564983
1439.38840174962
1442.19693334333
1444.79461859058
1447.3047697523
1449.53551
1451.64358439946
1453.61365617195
1455.43380464322
1457.15122431354
1458.75658717439
1460.21469800606
1461.79261631383
1462.95443166717
1464.017957
1464.92069315932
1465.69795839064
1466.31264756985
1466.80662576009
7.17600347733
1467.45742033368
1467.61886834085
1467.65609934322
1467.65417160035
1467.57338173806
1467.38943959189
1467.16131393421
1466.87509210605
1466.08469885426
1465.61165570493
1465.0235530043
1464.36945075081
1463.64252876604
1462.8162084416
1461.90103704561
1460.94077430967
1459.85
1458.72616057746
1457.51951867172
1456.27493759194
1454.9782947752
1453.62493705392
1452.25210903592
1450.88038541873
1449.48394384222
1448.0892
1446.70871144615
1445.31998886329
1443.96903657737
1442.60096586075
1441.25102950732
1439.85485152783
1438.49914145879
1437.11078943089
1435.75397
1434.42684769076
1433.19072167476
1432.09577690541
1430.95177394528
14.95500522839
1453.09078053093
1456.31045117754
1459.61107676503
1463.0446982108
1466.6061118662
1470.36308686814
1473.93163768807
1477.95930058403
1482.13940594747
1486.39683234859
1490.7770000045
1495.22944667264
1499.76286025112
1504.34396221062
1508.96126502214
1513.63019441991
1518.32126530628
1522.99930155516
27.6989718224
1532.4123111064
1537.12858165762
1541.88364061691
1546.63599383077
1551.41644892831
1556.23907092075
1561.02203416831
1565.83175194392
1575.32852465639
1580.01923103901
1584.62158435801
1589.12127890444
1593.5370516669
1597.82089718874
1601.99219227986
1606.08349702036
1609.92
1613.44252513348
1617.25419041129
1620.62940854957
1624.56177223992
1627.39292206357
1630.30461356746
1632.90940843452
1635.4503090201
1637.73290
1639.82203232152
1641.85203185202
1643.771050127
1645.3563174821
1646.67534010802
1647.72139981794
1648.47836891027
1648.98119907577
1649.117130466
1649.13111558706
1648.76792755484
1648.09587976685
1647.28019263273
1646.1755990912
1644.61042507148
1642.85107035229
1640.81469367431
1638.52152156116
1636.05066480559
1633.41603102883
1630.37863541441
1627.53657761622
1624.6328609
1563.85053074465
1559.59386626499
1555.33909326713
1551.03655190266
1546.64359721753
1542.11180534168
1537.54956816599
1532.94393358036
1528.26364851845
1523.52078085574
1518.70919496345
1513.81457058615
1508.87209227009
1503.90053882812
1498.85832711601
1493.73818257651
1488.60289618301
1483.28747342132
478.34015994926
1473.261968133
1468.6899990607
1463.62587071845
1458.62671147657
1453.59255519237
1448.51604654755
1443.36432802005
1438.11998832622
1427.41682587534
1421.98414289523
1416.47759777213
1410.94790480824
1405.40197122205
1399.81338388496
1394.24074758226
1388.57173076983
1382.9
1377.20101436015
1371.42818847556
1365.58169782571
1359.63069237139
1353.59828752759
1347.48738789073
1341.35112816713
1335.13482359413
1328.85
1322.55507366178
1316.16957135745
1309.74611173505
1302.54485537005
1296.00706489786
1289.32717589497
1282.48043300636
1275.74707604653
1270.168
1263.28990386364
1256.28841308171
1249.23999274889
1242.10609374348
1234.90836197224
1227.64953460903
1220.31066334616
1212.90774859368
1205.4961
1197.98743730482
1190.51124825771
1183.06474690033
1175.67759785427
11.6780302289
1066.64520018694
1061.87567200203
1057.413477953
1053.29392286782
1049.61051298367
1046.24116200093
1043.547352512
1041.24880332122
1039.43050611442
1038.12247790129
1037.34961179737
1037.05443793937
1037.29082710313
1038.05558828553
1039.33624503608
1041.00116958955
1043.29203732304
1046.33995449906
049.68821566288
1053.53567577721
1057.82052325931
1062.55426131481
1067.75073851136
1073.36209634987
1079.42345853962
1085.85527937449
1092.76946975211
00.04829109605
1107.7144548618
1115.77882977238
1124.23003134115
1133.04239670186
1142.20813558799
1151.7004469588
1161.56992405741
1172.25776587267
1193.60720526272
1204.69339635116
1216.10264481991
1227.740925021
1239.62325603207
1251.70976463031
1263.93374843508
1276.28845727852
1288.686
1301.12860509572
1313.54433188943
1325.91157149218
1338.10771186241
1350.38191477292
1362.20820576785
1373.81206430148
1385.22522743506
1396.3966
1406.13526949515
1416.84549468193
1427.39897114966
1437.80555196399
1448.0526014519
1458.17409214414
1468.15539631409
1478.03829419582
1487.814163
1497.51697136715
1507.16064395683
1516.70252558996
1526.16718369779
1675.10416451019
1682.85361884592
1690.38687047572
1697.4899823229
1704.55627498373
1711.4532154609
1718.177710038
1724.74103754885
1731.13998471413
1737.37590529949
1743.4486037698
1749.39671829169
1755.22898761396
1761.1472346626
1766.74531067862
1772.20600382855
1777.33388483633
1782.59045834308
7.74220772976
1792.74021172266
1797.62923487406
1802.38032072696
1807.07489341729
1811.63171123206
1816.08717869836
1820.45190920964
1824.77307527965
1833.34667102361
1837.59326443147
1841.91639797526
1846.1785646333
1850.43270971139
1854.74067302994
1858.75888901414
1862.99557625906
1867.0
1871.04915897741
1874.96483074847
1878.82785663058
1882.66843174691
1886.44931593985
1890.21817151503
1893.94803346182
1897.60745558153
1901.24
1904.78147500707
1908.23310849614
1911.64511006133
1915.04580244947
1918.46005087283
1921.88958824457
1925.39579131781
1928.81247556814
1932.354
1935.77680744159
1939.12545377922
1942.35587884542
1945.45750203738
1948.45679346668
1951.36336242421
1954.19720894416
1956.98339689902
1959.7067
1962.40762948837
1965.10994046647
1967.83187910155
1970.57937205524
120.70622985984
2023.74993779556
2026.73463914012
2029.65205228864
2032.51756297387
2035.31896430945
2038.03208198346
2040.6489948024
2043.24043552268
2045.76025867064
2048.25942657463
2050.5136300037
2053.10021172045
2055.4502614318
2057.76554043236
2060.03629788133
2062.18086689778
2064.27246579209
2066.23534586888
8.08525440212
2069.8310583011
2071.48729198958
2072.97726496674
2074.29155860448
2075.40631695519
2076.32926073955
2077.09008810366
2077.58128539601
2078.06370417558
2078.03350778276
2077.81907368402
2077.43339038157
2076.92048494212
2076.19169364334
2075.27577311164
2074.22775402523
2073.0
2071.55392376817
2069.96484624664
2068.19884376359
2066.2317003729
2064.16797419714
2061.93994177461
2059.52848290838
2057.00664959175
2054.374
2051.56325501423
2048.60668676096
2045.50823935534
2042.26099415758
2038.65534499237
2035.12046144953
2031.42579469264
2027.54397360406
2023.49309
2019.19684097499
2014.70961361362
2010.0487491612
2005.22221864906
2000.22196819562
1995.04736630103
1989.67736080843
1984.15617521476
1978.4515402
1972.61645596349
1966.59668665414
1960.46212712714
1954.20551455633
1835.14949310508
1827.27867431732
1819.45647459017
1811.9158000057
1803.36062130861
1795.12009087996
1787.19400695401
1779.11256563159
1770.93714667363
1762.84248795343
1754.50042917857
1746.10892212219
1737.68542555318
1728.91622765126
1720.23100186889
1711.38457612119
1702.36666473257
1693.10771337644
683.31394600523
1673.73216818316
1663.7185568907
1653.50176669812
1643.04871379726
1632.04877385966
1621.31603013311
1610.22410663836
1598.9956498302
1576.10519311317
1564.60191650075
1552.61843414796
1541.27210593219
1529.17670432997
1516.94883898725
1504.49575747852
1492.52275117995
1468.43888045636
1456.28452586813
1444.09766284042
1432.12501567538
1420.17521343502
1408.28521572902
1396.38160390017
1384.46814085882
1372.3
1360.43011309605
1348.45831979829
1336.45741835002
1324.3958543570
1312.35530584879
1300.24430140201
1287.64493654789
1275.44143223292
1263.38365232348
1251.01001609297
1239.08666438239
1226.42552128082
1213.63721730606
1200.72784968375
1187.67439941541
1173.96483481218
1160.78154241606
1147.5050057841
1134.09111591901
1120.52583358001
1106.8598272596
1093.05670519446
848.800162787147
833.956380150877
818.913073079177
804.258081635855
789.683827195563
775.222381902478
760.778266724089
746.314185679939
731.741626735126
717.157762243599
702.589301279918
688.013598425946
673.541751596225
659.159311359569
644.85288
630.664939386232
616.511636392571
601.812353540671
588.598612145567
574.564112828906
560.921135313783
547.55318426792
534.219901214812
521.0980407
508.128477183053
495.265135974238
482.952819602673
470.288336711879
458.026914528845
445.882305361451
434.214370010419
422.271415815014
410.64098382
399.353834997452
388.121878462671
377.292022617838
366.682492835892
356.275616686435
346.187830108721
336.209321653776
326.40133202165
316.7414263992
307.221458313025
297.921217956268
288.796909590287
279.951577407762
271.325975395031
262.920081421028
254.646553062647
246.456284390801
238.28135018238
230.011338386782
221.623822767185
213.170334013484
204.653021361396
196.207456404104
187.852058103884
179.760197713373
172.10673890057
164.712933231276
157.393875135867
150.462891972794
143.844703781816
137.496652465321
131.516951487367
125.807895640051
120.390061964039
115.273928194924
110.353950041611
43.6449273297399
40.2579121015017
36.8882199641188
33.5989960379126
30.3569942982413
27.2480311502953
24.2430455190031
21.2604464500074
18.5392835850012
15.6726946424672
13.2612895119684
10.7021004508635
8.38391024245701
6.3202349
4.50231955727658
0.998182116175677
-0.811371049933187
-2.09883055847598
-2.86478080119632
-3.18797888405723
-3.44340702138829
-3.3590977644058
-2.99220892939292
-2.64631694762585
-2.38264634071039
-2.16857889495374
-2.19067233458036
-2.38716663619234
-2.91452302253164
-0.3485004323
-2.78929683057756
-5.21227296104135
-6.51279058028142
-7.37389049258472
-7.12049844489307
-7.09940278708962
-7.06526045818534
-7.12223680729128
-7.2
-7.18774770057782
-7.04989810188195
-6.92796048947778
-6.938090560804
-6.91240046543992
-6.94226425071535
-6.90614417339882
-6.8330324938931
-6.82147591003599
-6.91038447277815
-7.04686626097701
-7.10289916661627
-7.6295970258
-9.37834922522974
-9.45037902126955
-9.60047076366259
-9.68836681972128
-9.81674418408576
-9.90461161552776
-9.91983964209908
-9.88140303271834
-9.91339779598178
-9.96636034333623
-9.95247509936016
-10.0723569620216
-10.6
-11.7022937879054
-13.5635279598568
-14.6781787072666
-13.7393081857766
-13.1865744726925
-12.7613164947679
-12.811665234574
-13.643196116113
-14.4503223708765
-14.3677944155868
-14.4509891835167
-14.5895903969637
-14.7639961212824
-13.7164142789597
-14.0569694376387
-8.58910460648047
-8.61132
-8.62396893886487
-8.50591448415182
-8.70516427017127
-8.6795299164
-8.6913093087153
-8.11325376563233
-8.05867040335373
-8.05847974426969
-7.97796338906335
-9.32861559069593
-9.42146094019688
-8.02306475848222
-9.1254
-8.69973730941715
-8.74097388281289
-8.83418389777073
-8.856071932
-8.20663369119175
-8.1844396045869
-9.17790017518212
-9.40853537781276
-9.50240230364621
-9.45273233098177
-8.96269809308794
-8.83319491105594
-8.19951964312806
-7.95756124149963
-7.56403536571702
-7.42178719402619
-7.50
-13.6437794448258
-13.6716305074983
-14.0592393591217
-14.0457746128655
-13.9927716334299
-14.0320991744024
-14.0682909420827
-14.05759875770
-14.0403114192711
-14.0191060868407
-13.9347482081027
-13.8033422435229
-13.8046803875126
-14.923538974061
-15.0823803639477
-15.2674593238943
-15.4160
-15.5978628070543
-15.7798524100842
-15.9134870163467
-16.004820632
-17.3710775651569
-17.5385376444125
-17.6347634334696
-17.7609662426565
-17.8499743198437
-17.9975657528913
-19.7449787625815
-19.7803104976831
-19.8
-19.9123619094784
-19.902339248952
-19.9362328298375
-19.94972664
-18.72264686829
-18.4946759982314
-18.3603264779062
-17.634842202231
-8.72931161485029
-8.60772842549542
-8.50182972977544
-7.81693651814973
-7.80557632334917
-7.77354063272073
-7.76745158239808
-7.74757847506466
-7.73
-7.67184444648556
-13.6070774937263
-14.6990491387957
-14.6642658322467
-14.6534451677524
-14.6499027379149
-14.6494381983397
-7.659395749462
-7.6841387193352
-7.69786488577191
-7.73526294788518
-7.74303072890059
-7.73663846261227
-7.75177029258533
-14.1656453788267
-14.1241474971833
-14.1389
-14.1487353611693
-14.1479012282551
-14.1281422261529
-14.1287295584059
-14.6437323420082
-15.1675161186785
-15.1738782827323
-15.1765007133491
-15.1557478678142
-15.1668646534708
-15.1731756220232
-15.1758816838753
-15.1447134050259
-15.1632764003278
-15.156790998579
-15.1590508548884
-15.16058647
-15.1537106050573
-15.1431695140108
-15.1517949344679
-15.1555149648927
-15.1532798589896
-15.1265928520558
-15.1404096144548
-15.135914028297
-15.1433856878652
-15.1491284458072
-15.1465540741678
-15.1286219468413
-15.1382149378666
-15.1
-15.1648368238147
-15.1621106453802
-15.1612614561635
-15.1569432473954
-15.1452014699629
-15.145539392083
-15.1521660457167
-15.141923626115
-15.1471935501366
-15.1488055460162
-15.1536309728874
-15.1407156270487
-15.1512298517548
-15.1467377999265
-15.1502701805944
-15.1511160512074
-15.1587
-15.1522857678402
-15.1497538761401
-15.1579909816059
-15.1530007455078
-15.1680266907174
-15.1306411149676
-15.1467551211764
-15.1438270932708
-15.1527504140268
-15.1565791631176
-15.1427260676803
-15.1448839219403
-15.1502537995899
-15.1468713348781
-15.149991306159
-15.1338564430264
-15.1467299
-15.1505332824463
-15.1550940622097
-15.135170335772
-15.14836487556092150827051
-15.1434000968732
-15.1350254447805
-15.1543234723523
-15.1294936494885
-15.1486970639798
-15.1588980797834
-15.1381298941079
-15.1571310538392
-15.1425884725225
-15.1538003206349
-15.1437161633606
-15.1231409367018
-15.154149430746
-15.1414378297896
-15.1398060423997
-15.1376664039265
-15.1629163
-15.1566514036671
-15.1396422207205
-15.1369035049712
-15.154992921259
-15.1663784317731
-15.1338382081913
-15.1504919339631
-15.1444293063031
-15.1485929035824
-15.1637136138599
-15.1493883385898
-15.1486552321602
-15.1429605831605
-15.1655248218473
-15.1410970341969
-15.1679395579
-15.168808395946
-15.142063078981
-15.1510718669854
-15.1351776833565
-15.1482697790875
-15.1527433244826
-15.1644625894467
-15.1505691731387
-15.1630
-15.1591507489807
-15.1364185706554
-15.1521246611027
-15.1657391675
-15.158755868999
-15.1574577622676
-15.1342600976922
-15.1611148125835
-15.1412479771941
-15.1467646980175
-15.1473431545845
-15.1257299647891
-15.1444894725596
-15.1591092318746
-15.1529049457917
-15.1512381954667
-15.1598033965924
-15.1421348382427
-15.1464773262455
-15.1631568761749
-15.153888425059
-15.1444357
-15.1611015998381
-15.1541752327957
-15.1541082127357
-15.153633612213
-15.1644347769031
-15.1678403135369
-15.1502700664244
-15.1511213522436
-15.1515506179082
-15.1683870057288
-15.1696768919096
-15.1583315445852
-15.1495053617236
-15.1491709188172
-15.1595484843385
-15.15350917068
-15.1602629622298
-15.156965681975
-15.163157121317
-15.1533338666136
-15.1572681568248
-15.1599967738099
-15.1522794420343
-15.1565297643975
-15.15608
-15.1588332603144
-15.1546120487999
-15.1542517313389
-15.13721653175
-15.1524914792256
-15.157888525067
-15.1569589632956
-15.1787175979526
-15.1696455565224
-15.1705166263003
-15.1783351377146
-15.1697045460511
-15.150901179856
-15.1425752665463
-15.1588545508637
-15.1805374089572
-15.1576059051822
-15.1684626348552
-15.1420069698297
-15.164668808052
-15.1631819406166
-15.1587660110471
-15.1684257721803
-15.1626846
-15.1486613134389
-15.1695158149424
-15.1508009333611
-15.1560230156091
-15.1645815379441
-15.1601684175815
-15.1583447682305
-15.1759392300271
-15.1700670049532
-15.1608472738256
-15.1633320372266
-15.1672903506358
-15.1535405362122
-15.1750896514613
-15.1866766127554
-15.1363971902
-15.1586989420846
-15.1590511198801
-15.1487403532476
-15.1650914933328
15.1792512792862
-15.1647466568094
-15.1769919082568
-15.1552165599215
-15.16384574
-15.1552520565898
-15.1536169162738
-15.1398350327982
-15.1503094881865
-15.1515396145458
-15.1364587845678
-15.1433964743795
-15.1582213311988
-15.1421226682838
-15.1476174977383
-15.144839343345
-15.1567517695037
-15.15
-15.1511105567994
-15.1568340477476
-15.1539996537961
-15.1483832121116
-15.1702632474229
-15.1609513965859
-15.1584904315884
-15.1472875360602
-15.1597122526982
-15.1481302679583
-15.1578085963086
-15.1510650449411
-15.1501103324733
-15.1419887915036
-15.1629474420104
-15.1585348088918
-15.14369
-15.1528354507972
-15.1738891190516
-15.1606968696874
-15.160356612982
-15.1830991482992
-15.1705781934035
-15.1766237749265
-15.1458115364222
5.1467054797454
-15.1471061763021
-15.1530255255171
-15.1574599340376
-15.154
-15.1686575158315
-15.1490812700236
-15.1454106718393
-15.169838381
-15.1531500543675
-15.1510072932924
-15.1519772218452
-15.1640535576014
-15.1583697912796
-15.1498988088854
-15.1379461936527
-15.1525984040907
-15.153372902792
-15.1657463228818
-15.1445903201214
-15.1445692174465
-15.15
-15.1606490757815
-15.1508016417373
-15.1522205829448
-15.148502925636
-15.1587542899505
-15.1624432630484
-15.1582271951528
-15.1681872179968
-15.155989062297
-15.1732082397746
-15.1436531465963
-15.1643810470619
-15.1683595849875
-15.180401250756
-15.1630800112402
-15.1597719008725
-15.1594998
-15.1698744776286
-15.1671879813471
-15.1583629402821
-15.1613887011957
-15.1713987936345
-15.1632083359575
-15.1681861355796
-15.1672471626397
-15.1571985658974
-15.1515961013113
-15.1620921202984
-15.1704489611594
-15.1651719749101
-15.1666452891263
-15.1603631979168
-15.161735182
-15.165198126256
-15.1686457984361
-15.1711192995545
-15.1656448845842
-15.1651968306422
-15.1628819756329
-15.1477828011289
-15.1619807917218
-15.1684654251206
-15.1685730742998
-15.1746621822474
-15.1669131738661
-15.1550878668517
-15.1
-15.1633421438564
-15.1716650278972
-15.1803024738678
-15.1802399688095
-15.1811643095074
-15.1658166211372
-15.1661493791819
-15.15786717803
-15.1586838056172
-15.1488822970502
-15.1785304926822
-15.1849023606695
-15.1623781925732
-15.1667305478814
-15.1567090047003
-15.1719765656762
-15.164
-15.1608039924653
-15.1693804883999
-15.176308561289
-15.180123559633
-15.1807736768361
-15.1679446338234
-15.1678736082773
-15.1740447435575
15.1580271140183
-15.1592546747349
-15.1619769640209
-15.1635063400438
-15.163450322137
-15.1618039430106
-15.1671783662331
-15.1656127240243
-15.166753877
-15.1418397697578
-15.1593299093938
-15.152085721629
-15.1768223350905
-15.1787392403723
-15.1556576993675
-15.1534574299642
-15.1815573049335
-15.1618424018193
-15.1657068255515
-15.1573090640724
-15.1654549733989
-15.1
-15.1577702920675
-15.1600831266646
-15.1779850061125
-15.1633288382429
-15.1696151222067
-15.1668426927963
-15.1649305588004
-15.16579380525
-15.1565428253775
-15.1615708488657
-15.1615889082409
-15.1484603525757
-15.1713193763571
-15.1583968409134
-15.1678549526769
-15.1474422954125
-15.166
-15.1797460800296
-15.1834971488091
-15.1964857682336
-15.1720925611278
-15.1895593600714
-15.1859826651838
-15.1877323915738
-15.1861473317838
-15.1906456482483
-15.20089702884
-15.1836438758182
-15.1820268558543
-15.1810221418461
-15.1808637915143
-15.1952279289143
-15.1915006890862
-15.1978556306298
-15.1863330377545
-15.1839512477231
-15.1903955735905
-15.1918864898168
-15.1891697797333
-15.1956912812556
-15.2060322586798
-15.2095995658709
-15.197920087018
-15.1997106431161
-15.196952614106
-15.1839351866999
-15.188101521436
-15.1938402728108
-15.1837997987507
-15.2006800637523
-15.182267308161
-15.179710
-15.1733784555053
-15.1936207651457
-15.1717788319681
-15.1933422732157
-15.1858145700811
-15.1878498166206
-15.1841366764146
-15.1894036459011
-15.1872656593472
-15.1649032801279
-15.1931473567518
-15.1765665526813
-15.1943158883142
-15.1823362160796
-15.1879548394822
-15.2094124434753
-15.1836970902552
-15.1941611533946
-15.1800422457463
-15.1856539428709
-15.1915372171506
-15.1778418813195
-15.1802887129159
-15.184188
-15.1817964377363
-15.2014496126268
-15.1969864148225
-15.1770092552689
-15.1684119269001
-15.181214723604
-15.1978458431365
-15.1789353516855
-15.2002200611469
-15.1876675125542
-15.1913933324617
-15.1932507654494
-15.1755515558681
-15.1816192100178
-15.1990113922252
-15.196715620
-15.1906294456493
-15.1935650372307
-15.1885595665603
-15.1851741217739
-15.189934137887
-15.1772472298817
-15.1947246509033
-15.1859359652548
-15.20
-15.1820131921947
-15.1879015379169
-15.1801423689995
-15.19060169
-15.2057895475404
-15.168806389501
-15.1974486011156
-15.2002766517813
-15.1879394901776
-15.1887297070848
-15.1850029640755
-15.1995884589447
-15.1875281142689
-15.1860208574849
-15.1954782248818
-15.1918940387584
-15.1690968580842
-15.2027535102117
-15.1879081697375
-15.1814690725978
-15.1873240833894
-15.191315
-15.1823330775834
-15.199027003244
-15.1892059363468
-15.1952343794537
-15.1923142703585
-15.1893756522059
-15.187358623803
-15.2026581143616
-15.1938394232093
-15.1970014274528
-15.1835966456248
-15.1827509875464
-15.180061175759
-15.1832830875116
-15.1773625929391
-15.18580344219
-15.2009367632129
-15.1709572535327
-15.1880034996276
-15.1958648710913
-15.195013732844
-15.1908500702555
-15.1779997352846
-15.1791810967522
-15.20258
-15.1874107923419
-15.2055343603245
-15.1930522473679
-15.18103081231999615240534
-15.19103642538
-15.180529352881
-15.1893278733647
-15.1840316497758
-15.182372653592
-15.1906975317023
-15.1978901332175
-15.1751780465277
-15.1969382313088
-15.1831835879958
-15.2050196453286
-15.1881219335453
-15.1796211033143
-15.1903668497338
-15.1855489446152
-15.2097717233868
-15.2027269917833
-15.188856549589
-15.1968404
-15.1970728281737
-15.1884151612818
-15.1839163334971
-15.1836513816101
-15.1908567556063
-15.1932572892397
-15.1720530900948
-15.1751143161954
-15.1879654651177
-15.1961946035183
-15.1974882607149
-15.2012113329885
-15.1879880989807
-15.1873011079552
-15.1757863490265
-15.184520651
-15.1892981430232
-15.1739885195419
-15.1978495479456
-15.170979470114
-15.1965797672575
-15.177780375881
-15.1977546096208
-15.2084418876284
-15.190
-15.186157655004
-15.1853555496075
-15.2037046007778
-15.18191076915
-15.19422295523
-15.1921245506189
-15.1789287301509
-15.1869754873864
-15.1863719413329
-15.1982993442616
-15.2086038375365
-15.198068201794
-15.2053847576721
-15.1845781026157
-15.1692647904211
-15.1894057378153
-15.2066918759282
-15.1825375860838
-15.1770944866287
-15.1997734335793
-15.159046850162
-15.1863597
-15.1814194681841
-15.186120162076
-15.2044311515575
-15.1885117526238
-15.1860580046834
-15.1953540905606
-15.187784820987
-15.1908089358521
-15.20
-15.2139203477328
-15.1877469306209
-15.1804394853343
-15.1845147572139
-15.1881104411608
-15.1804278895425
-15.1882848419666
-15.205561996185
-15.1846271410782
-15.1720954735706
-15.2038044375986
-15.190183377883
-15.1940136610594
-15.1908913770622
-15.1819522135608
-15.207865548398
-15.181776
-15.1905927648251
-15.1966162976756
-15.1784331752645
-15.1775850701928
-15.181477393276
-15.1914725216551
-15.1913617180694
-15.2058487512573
-15.1715817615929
-15.1942235990405
-15.188617275098
-15.1804429401881
-15.1900757908465
-15.2059490054979
-15.1990308378065
-15.2043062609713
-15.2000174276349
-15.1867832146951
-15.2164716818809
-15.1857042390667
-15.1
-15.1972811776969
-15.1990564173558
-15.1909699311985
-15.1912694981714
-15.1956783022106
-15.2195381636724
-15.1915425037072
-15.19672382100
-15.1951157526794
-15.195613563685
-15.202901605505
-15.2058187592794
-15.2016585507592
-15.1914456813637
-15.1932014294879
-15.1877514229093
-15.18079
-15.1742873623732
-15.1910985644279
-15.1884551086729
-15.1941752134052
-15.1941811262821
-15.1968958688797
-15.1846561438056
-15.2043744684617
15.1813217176383
-15.1927185739911
-15.204815801143
-15.1916786221527
-15.1961532194864
-15.1865436193458
-15.1878597683916
-15.1983591546794
-15.20592088
-15.2092924184045
-15.2012591717116
-15.1865447145475
-15.1772204639216
-15.1823537422223
-15.1841818554394
-15.1852319982064
-15.1755416153803
-15.1876219523401
-15.202013191602
-15.2174518958432
-15.1988137149699
-15.2007729807933
-15.1877726764229
-15.1936903670593
-15.1977132588599
-15.2
-15.1961984404495
-15.1999850140431
-15.2015773352824
-15.2042456272983
-15.1895566375395
-15.192511070289
-15.2078297280078
-15.191817416561
-15.1891927250946
-15.193527325616
-15.2032771418017
-15.1812875200302
-15.1937093706229
-15.1972933623253
-15.1969242680156
-15.1948728330643
-15.18444
-15.1927672876291
-15.2086459846751
-15.1994417258497
-15.1887766000572
-15.1884079652394
-15.1986156846356
-15.1980906355802
-15.1714329694511
15.197197991066
-15.1889997760422
-15.2048577785371
-15.2150641661793
-15.210
-15.2014914402705
-15.1939853623204
-15.2081107054943
-15.20077660215
-15.1847778680207
-15.1910798068629
-15.1904270396061
-15.199285558509
-15.1916322076919
-15.1982019484744
-15.2129670056843
-15.1812213282172
-15.1910850561359
-15.2001371618516
-15.1935131776763
-15.195300475722
-15.1839293263122
-15.19
-15.2105621284367
-15.2014837149996
-15.2004327865309
-15.1971071001178
-15.2019459989656
-15.2031227108578
-15.193459582955
-15.1926875536228
-15.1898321655853
-15.1914601888015
-15.1892616963655
-15.2018098633909
-15.1933040283362
-15.1915469570959
-15.1872930813121
-15.1955831599754
-15.19546
-15.2056870623128
-15.2043190575493
-15.2033943624647
-15.1996769823
-15.187599654525
-15.1788728130541
-15.1963886599694
-15.2000087219352
-15.214093820993
-15.1920956886882
-15.1908065012894
-15.1967222852895
-15.2077
-15.2085699136711
-15.1996190980273
-15.20483970839
-15.217550407375
-15.1703154169668
-15.2015544283722
-15.1795527164999
-15.1944125831666
-15.2095656117207
-15.2157369271671
-15.1951980929225
-15.1923119349095
-15.2120178190835
-15.1958843369184
-15.1937832634651
-15.2144762669499
-15.2071547065979
-15.2
-15.2004708666072
-15.1939298893234
-15.1863063771158
-15.204841
-15.2067741419419
-15.1976232981128
-15.2210989397943
-15.2107013290853
-15.1930402836675
-15.1850552184815
-15.203404977379
-15.2059876866963
-15.2049510062798
-15.21636900352
-15.2013501941074
-15.204020989733
-15.2054378901547
-15.1946101233468
-15.2077604047317
-15.216265380046
-15.1976182062917
-15.1937781435248
-15.2009412925145
-15.1977409949216
-15.200232198408
-15.1984906534343
-15.1977928658534
-15.2066610142953
-15.20448
-15.1932535683096
-15.1957257028975
-15.2041866098136
-15.20347623095
-15.2018103232007
-15.1883570783587
-15.2116886382102
-15.2021679825272
-15.2080950873376
-15.1968172424316
-15.2008517193833
-15.1900202354807
-15.2077221335158
-15.20801178197
-15.2024026535526
-15.2076417243586
-15.197
-15.191155287887
-15.2092950574841
-15.2051899832738
-15.2011918390282
-15.1938007706851
-15.184549353147
-15.2128651695563
-15.2037298908605
15.2104635994568
-15.215454954965
-15.2077851118187
-15.1931788204759
-15.1904602980034
-15.207220888341
-15.1912305055137
-15.1847850612577
-15.204583933
-15.2095027847068
-15.2256904048974
-15.1955213901441
-15.2056430665715
-15.199770112213
-15.1876788299427
-15.2166846154152
-15.1985300551436
-15.197753403141
-15.204192542512
-15.2104518359395
-15.1957033258039
-15.199152525
-15.2041750992314
-15.1883092383074
-15.2011907901775
-15.2123993430027
-15.1919317729708
-15.1957300688163
-15.1969332319796
-15.1867835361347
-15.1870423824871
-15.1952127647683
-15.1958922183899
-15.1840348052372
-15.2046850097199
-15.203885725637
-15.204645402451
-15.2028951112225
-15.1872631805407
-15.185
-15.2086200891539
-15.187295059038
-15.197968612103
-15.1966217957259
-15.1985843487751
-15.2036173917173
-15.1985689316
-15.1996967154628
-15.2090344220435
-15.1937966784932
-15.1835673806077
-15.19699
-15.2036822377264
-15.2018205670956
-15.2026327209809
-15.1951475252863
-15.1988457714362
-15.191494107106
-15.2090260051593
-15.2072906565458
5.1970015666886
-15.198031308321
-15.2094616443836
-15.1973571122339
-15.2026943141503
-15.1949356860049
-15.2035087656186
-15.1986159383022
-15.183751170
-15.1990805147145
-15.2015204620196
-15.2104860419093
-15.1974425543891
-15.2010455579965
-15.2031836667428
-15.1953064604485
-15.2004616457015
-15.1348396
-15.1985169646357
-15.1949788256509
-15.2002833923186
-15.1986105420725
-15.2037194226665
-15.2174455581364
-15.194879670983
-15.2075086554821
-15.2081135738909
-15.1988271005413
-15.2029744484594
-15.1987132150604
-15.1906091748013
-15.2061283905692
-15.1961624303608
-15.203283912338
-15.1935223
-15.199165901118
-15.2006754425918
-15.2027507001192
-15.2163028937338
-15.1824431766791
-15.2112996087495
-15.2113184640843
-15.1786663868069
-15.1951509576203
-15.1959255925526
-15.2096857368635
-15.1904178609729
-15.2032744067216
-15.1973994193082
-15.2027751606118
-15.1794462864
-15.186170746857
-15.2148287020186
-15.2096795838537
-15.208555668969
-15.2068920264118
-15.1892978510383
-15.2054385420118
-15.200834004035
-15.21399
-15.1949671245831
-15.2087201540013
-15.2031575588664
-15.187284008415
-15.1933250061713
-15.1893179247441
-15.1964364363808
-15.1978325831016
-15.1937017291259
-15.2076744478019
-15.1999478697062
-15.1989816001431
-15.2221903217571
-15.2031968019203
-15.2002735585358
-15.1969892342753
-15.2133611614916
-15.1873766310695
-15.2214457418305
-15.2090556077502
-15.213462
-15.2053440403977
-15.2122153570063
-15.2123877011437
-15.1979551737746
-15.1901512142073
-15.1997011931786
-15.2059791227336
-15.2159477813405
-15.1899020162614
-15.1995919213474
-15.2022497128515
-15.2034026570966
-15.2027824226203
-15.1983925777071
-15.1967410519582
-15.190009797
-15.226768523277
-15.1936688148485
-15.217117710758
-15.2081111633198
-15.18706182965
-15.2014097590227
-15.201850573733
-15.1999974142304
-15.198679
-15.2077285417724
-15.1954700910553
-15.1991883112704
-15.194434483865
-15.1979650393658
-15.203896662295
-15.2090836448871
-15.206787032277
-15.1941656966011
-15.185841354786
-15.1941442181199
-15.2167765083455
-15.19
-15.1976755486701
-15.210474552126
-15.2089139894269
-15.2060624539929
-15.2139429556095
-15.188047799816
-15.2048818506328
-15.2054508153113
-15.2085198089805
-15.2050329016648
-15.2014575321499
-15.1981094995219
-15.203469850001
-15.1929203524746
-15.1929243335765
-15.2003469988607
-15.2072780
-15.1928178495008
-15.1990716200745
-15.21922522869
-15.1900338667258
-15.1930793157867
-15.2030390733163
-15.1982421182242
-15.186854057494
-15.19
-15.2078391306411
-15.1936379416938
-15.2151812171959
-15.1937061658306
-15.2047661433538
-15.2155393825488
-15.207906938364
-15.2026170211911
-15.2021955551109
-15.2099899269038
-15.2068287990253
-15.1919730861495
-15.1721521
-15.2098471025154
-15.1998566694959
-15.2142939003079
-15.205906296395
-15.2036071094699
-15.1867692478728
-15.1882298618199
-15.2025806739698
-15.1910683437814
-15.1929490114923
-15.1852694406516
-15.197901203324
-15.2002306822155
-15.2016442654992
-15.2000848016337
-15.1916018303746
-15.2039561169941
-15.2123037
-15.1924555385857
-15.2043626564128
-15.2010711810297
-15.2072760759587
-15.1982677462485
-15.1957776793497
-15.1951298703848
-15.2097763548597
-15.1737530048086
-15.190723845704
-15.2015111228975
-15.2014035155466
-15.2040041886387
-15.1989442876221
-15.1808052909422
-15.1985059930
-15.1947947228228
-15.1902703815502
-15.1903803251014
-15.1972553837068
-15.1917674313844
-15.1982548155406
-15.2146447122149
-15.1948350921677
-15.1990186666921
-15.1990028880013
-15.2159764568931
-15.1905117590821
-15.1883689046937
-15.2219087516753
-15.1951194007723
-15.1652234026704
-15.2105089826387
-15.2024575278438
-15.1992513087056
-15.199287478228
-15.1997717405652
-15.2064499298767
-15.197270496311
-15.2041801308356
-15.2013151587725
-15.2065065248014
-15.2015844283291
-15.1998455579686
-15.20625282845
-15.2046408636812
-15.1880937967984
-15.2054368647758
-15.1829159653434
-15.1991623972228
-15.1921158310849
-15.2152464806851
-15.2098056884547
-15.2024243855117
-15.1970598541566
-15.1919934447076
-15.1934307948116
-15.1802930465912
-15.2
-15.1948798580882
-15.1920061835934
-15.1792227194912
-15.1962612915186
-15.1900843823374
-15.1923051580622
-15.1898719914825
-15.18720590292
-15.2088581583063
-15.2014423822407
-15.1919824607047
-15.2070075176307
-15.1946561136457
-15.1961132397597
-15.1963786544386
-15.1916489140622
-15.184
-15.2000024295099
-15.2150330370835
-15.2100640088494
-15.1908795187401
-15.2040979768904
-15.2110251887063
-15.1868833207499
-15.1975481457171
-15.201143239528
-15.1826278183942
-15.2015480336016
-15.2071628744049
-15.2011326825208
-15.2075973715207
-15.1916517960063
-15.1963625555853
-15.1935939
-15.1828960194113
-15.1906098552549
-15.2141254588428
-15.2002208536801
-15.1863125866533
-15.1977817008931
-15.1930786693729
-15.2188649032906
-15.2169659992699
-15.212548644789
-15.2038755700345
-15.2108795393596
-15.20
-15.217138072156
-15.2015853012968
-15.1993361196837
-15.2029205076458
-15.1953597303261
-15.1971423597782
-15.185276353458
-15.1924940916597
-15.1839561389765
-15.1955550191003
-15.1979397756376
-15.2021031513396
-15.1959736785555
-15.1966956215156
-15.2158484608193
-15.1882811990998
-15.189560
-15.217465486745
-15.1958050950165
-15.192725613878
-15.2134819762084
-15.2150936908158
-15.1862656707101
-15.1943716889708
-15.1858739349447
-15.1916570928057
-15.1866007626633
-15.1901663629374
-15.2024016780181
-15.2074338801786
-15.1944965384103
-15.1858106336135
-15.21329374655
-15.1944440111992
-15.2117736627764
-15.2131107941074
-15.2023899984541
-15.1904712903846
-15.2102126530284
-15.1982451733557
-15.1983868642476
-15.2066321783632
-15.1987385554982
-15.1805638660778
-15.2026703452188
-15.2
-15.2029075257088
-15.1828850109892
-15.2129047571301
-15.1920546108201
-15.2019514387768
-15.1893937916186
-15.2103469877403
-15.18161595657
-15.2045564741935
-15.209440306851
-15.2049314076537
-15.2075639594702
-15.1757551977825
-15.1813064294582
-15.2011128313075
-15.1901668612506
-15.2146
-15.1893174447833
-15.2153948850352
-15.1946042618117
-15.185729432925
-15.1950205230458
-15.1895709983387
-15.1890391026695
-15.2040784470895
5.2006858110757
-15.2131171900918
-15.2198341384201
-15.2172531498475
-15.2009980979619
-15.2176106384244
-15.2065772518323
-15.215134916219
-15.20125183715
-15.1881419746848
-15.1896538475774
-15.2055464691618
-15.2096489391702
-15.1970502226175
-15.1878688691587
-15.2008056001168
-15.2028291461312
-15.2134744661695
-15.1967006985301
-15.1978543617117
-15.2069803250342
-15.1958855679213
-15.1
-15.2079199597505
-15.2007919644482
-15.2012634454664
-15.2161204400282
-15.2200906300168
-15.2051698483687
-15.2085205398932
-15.20495796528
-15.1822608929757
-15.2000224457131
-15.206616228873
-15.2001103236188
-15.21276933245
-15.2080359246359
-15.1864469997846
-15.1982682263063
-15.226748
-15.2092014171189
-15.191231549157
-15.2125953066654
-15.2130587749775
-15.1904696373833
-15.202438000112
-15.2093963493297
-15.1950518181376
-15.2043336963748
-15.1984338136114
-15.180781597598
-15.1872674155051
-15.2207398198771
-15.1978570133939
-15.2077558946797
-15.20254032401
-15.19969366024
-15.2140622877179
-15.1901106132013
-15.2073650408518
-15.2083909262744
-15.1935499373423
